@ 1800 1800    1 24      Y     2000  1.872 96.9    9.96750e-01 6.48606e-01
@ 1800 1800    1 24      N     2000  1.783 101.8    9.96734e-01 1.69502e-01
@ 1800 1800    2 12      Y     2000  1.497 121.2    9.96750e-01 6.48606e-01
@ 1800 1800    2 12      N     2000  1.448 125.3    9.96750e-01 1.55255e-01
@ 1800 1800    3 8      Y     2000  1.629 111.4    9.96750e-01 6.48606e-01
@ 1800 1800    3 8      N     2000  1.569 115.6    9.96750e-01 1.47133e-01
@ 1800 1800    4 6      Y     2000  1.478 122.8    9.96750e-01 6.48606e-01
@ 1800 1800    4 6      N     2000  1.444 125.6    9.96750e-01 1.43328e-01
@ 1800 1800    6 4      Y     2000  1.489 121.9    9.96750e-01 6.48606e-01
@ 1800 1800    6 4      N     2000  1.43 126.9    9.96750e-01 1.39171e-01
@ 1800 1800    8 3      Y     2000  1.555 116.7    9.96750e-01 6.48606e-01
@ 1800 1800    8 3      N     2000  1.51 120.2    9.96750e-01 1.37153e-01
@ 1800 1800    12 2      Y     2000  1.443 125.7    9.96750e-01 6.48606e-01
@ 1800 1800    12 2      N     2000  1.414 128.3    9.96750e-01 1.34979e-01
@ 1800 1800    24 1      Y     2000  1.728 105    9.96750e-01 6.48606e-01
@ 1800 1800    24 1      N     2000  1.687 107.6    9.96676e-01 1.33264e-01
@ 1800 1800    1 48      Y     2000  1.007 180.1    9.96750e-01 6.48606e-01
@ 1800 1800    1 48      N     2000  0.8894 204    9.96423e-01 1.29617e-01
@ 1800 1800    2 24      Y     2000  0.9746 186.2    9.96750e-01 6.48606e-01
@ 1800 1800    2 24      N     2000  0.8938 203    9.96734e-01 1.20131e-01
@ 1800 1800    3 16      Y     2000  0.9663 187.8    9.96750e-01 6.48606e-01
@ 1800 1800    3 16      N     2000  0.9154 198.2    9.96750e-01 1.17166e-01
@ 1800 1800    4 12      Y     2000  0.7716 235.2    9.96750e-01 6.48606e-01
@ 1800 1800    4 12      N     2000  0.7284 249.1    9.96750e-01 1.09876e-01
@ 1800 1800    6 8      Y     2000  0.8313 218.3    9.96750e-01 6.48606e-01
@ 1800 1800    6 8      N     2000  0.7943 228.4    9.96750e-01 1.04154e-01
@ 1800 1800    8 6      Y     2000  0.8067 224.9    9.96750e-01 6.48606e-01
@ 1800 1800    8 6      N     2000  0.7929 228.8    9.96750e-01 1.01556e-01
@ 1800 1800    12 4      Y     2000  0.75 241.9    9.96750e-01 6.48606e-01
@ 1800 1800    12 4      N     2000  0.7201 252    9.96750e-01 9.85795e-02
@ 1800 1800    16 3      Y     2000  0.9094 199.5    9.96750e-01 6.48606e-01
@ 1800 1800    16 3      N     2000  0.8541 212.4    9.96749e-01 9.74616e-02
@ 1800 1800    24 2      Y     2000  0.9005 201.5    9.96750e-01 6.48606e-01
@ 1800 1800    24 2      N     2000  0.8516 213.1    9.96676e-01 9.58902e-02
@ 1800 1800    48 1      Y     2000  0.9051 200.5    9.96750e-01 6.48606e-01
@ 1800 1800    48 1      N     2000  0.8544 212.4    9.92848e-01 9.51492e-02
@ 1800 1800    1 96      Y     2000  0.964 188.2    9.96750e-01 6.48606e-01
@ 1800 1800    1 96      N     2000  0.8205 221.1    9.95687e-01 9.15849e-02
@ 1800 1800    2 48      Y     2000  0.5223 347.4    9.96750e-01 6.48606e-01
@ 1800 1800    2 48      N     2000  0.4498 403.3    9.96423e-01 9.16815e-02
@ 1800 1800    3 32      Y     2000  0.6373 284.7    9.96750e-01 6.48606e-01
@ 1800 1800    3 32      N     2000  0.5958 304.5    9.96673e-01 8.93776e-02
@ 1800 1800    4 24      Y     2000  0.5423 334.6    9.96750e-01 6.48606e-01
@ 1800 1800    4 24      N     2000  0.4603 394.2    9.96734e-01 8.53345e-02
@ 1800 1800    6 16      Y     2000  0.5537 327.7    9.96750e-01 6.48606e-01
@ 1800 1800    6 16      N     2000  0.4635 391.5    9.96750e-01 8.29206e-02
@ 1800 1800    8 12      Y     2000  0.4372 415    9.96750e-01 6.48606e-01
@ 1800 1800    8 12      N     2000  0.3942 460.2    9.96750e-01 7.78968e-02
@ 1800 1800    12 8      Y     2000  0.4422 410.3    9.96750e-01 6.48606e-01
@ 1800 1800    12 8      N     2000  0.4111 441.3    9.96750e-01 7.38123e-02
@ 1800 1800    16 6      Y     2000  0.4801 377.9    9.96750e-01 6.48606e-01
@ 1800 1800    16 6      N     2000  0.4652 390    9.96749e-01 7.22118e-02
@ 1800 1800    24 4      Y     2000  0.4759 381.3    9.96750e-01 6.48606e-01
@ 1800 1800    24 4      N     2000  0.4446 408.1    9.96676e-01 7.00908e-02
@ 1800 1800    32 3      Y     2000  0.5694 318.6    9.96750e-01 6.48606e-01
@ 1800 1800    32 3      N     2000  0.5371 337.8    9.96263e-01 6.95985e-02
@ 1800 1800    48 2      Y     2000  0.4771 380.3    9.96750e-01 6.48606e-01
@ 1800 1800    48 2      N     2000  0.4354 416.7    9.92848e-01 6.84838e-02
@ 1800 1800    96 1      Y     2000  0.7874 230.4    9.96750e-01 6.48606e-01
@ 1800 1800    96 1      N     2000  0.7983 227.3    9.73086e-01 6.80501e-02
