@ 1800 1800    1 24      Y     2000  2.761 65.73    9.96750e-01 6.48606e-01
@ 1800 1800    1 24      N     2000  2.525 71.86    9.96734e-01 1.69502e-01
@ 1800 1800    2 12      Y     2000  2.18 83.24    9.96750e-01 6.48606e-01
@ 1800 1800    2 12      N     2000  2.103 86.27    9.96750e-01 1.55255e-01
@ 1800 1800    3 8      Y     2000  2.337 77.64    9.96750e-01 6.48606e-01
@ 1800 1800    3 8      N     2000  2.317 78.3    9.96750e-01 1.47133e-01
@ 1800 1800    4 6      Y     2000  2.171 83.57    9.96750e-01 6.48606e-01
@ 1800 1800    4 6      N     2000  2.114 85.83    9.96750e-01 1.43328e-01
@ 1800 1800    6 4      Y     2000  2.149 84.42    9.96750e-01 6.48606e-01
@ 1800 1800    6 4      N     2000  2.195 82.66    9.96750e-01 1.39171e-01
@ 1800 1800    8 3      Y     2000  2.238 81.06    9.96750e-01 6.48606e-01
@ 1800 1800    8 3      N     2000  2.177 83.34    9.96750e-01 1.37153e-01
@ 1800 1800    12 2      Y     2000  2.098 86.49    9.96750e-01 6.48606e-01
@ 1800 1800    12 2      N     2000  2.037 89.05    9.96750e-01 1.34979e-01
@ 1800 1800    24 1      Y     2000  2.472 73.39    9.96750e-01 6.48606e-01
@ 1800 1800    24 1      N     2000  2.415 75.14    9.96676e-01 1.33264e-01
@ 1800 1800    1 48      Y     2000  1.357 133.7    9.96750e-01 6.48606e-01
@ 1800 1800    1 48      N     2000  1.276 142.2    9.96423e-01 1.29617e-01
@ 1800 1800    2 24      Y     2000  1.366 132.8    9.96750e-01 6.48606e-01
@ 1800 1800    2 24      N     2000  1.293 140.3    9.96734e-01 1.20131e-01
@ 1800 1800    3 16      Y     2000  1.352 134.2    9.96750e-01 6.48606e-01
@ 1800 1800    3 16      N     2000  1.298 139.8    9.96750e-01 1.17166e-01
@ 1800 1800    4 12      Y     2000  1.105 164.2    9.96750e-01 6.48606e-01
@ 1800 1800    4 12      N     2000  1.083 167.6    9.96750e-01 1.09876e-01
@ 1800 1800    6 8      Y     2000  1.204 150.7    9.96750e-01 6.48606e-01
@ 1800 1800    6 8      N     2000  1.164 155.8    9.96750e-01 1.04154e-01
@ 1800 1800    8 6      Y     2000  1.173 154.7    9.96750e-01 6.48606e-01
@ 1800 1800    8 6      N     2000  1.136 159.7    9.96750e-01 1.01556e-01
@ 1800 1800    12 4      Y     2000  1.117 162.4    9.96750e-01 6.48606e-01
@ 1800 1800    12 4      N     2000  1.087 166.9    9.96750e-01 9.85795e-02
@ 1800 1800    16 3      Y     2000  1.286 141.1    9.96750e-01 6.48606e-01
@ 1800 1800    16 3      N     2000  1.247 145.5    9.96749e-01 9.74616e-02
@ 1800 1800    24 2      Y     2000  1.274 142.4    9.96750e-01 6.48606e-01
@ 1800 1800    24 2      N     2000  1.234 147    9.96676e-01 9.58902e-02
@ 1800 1800    48 1      Y     2000  1.263 143.7    9.96750e-01 6.48606e-01
@ 1800 1800    48 1      N     2000  1.241 146.2    9.92848e-01 9.51492e-02
@ 1800 1800    1 96      Y     2000  1.283 141.4    9.96750e-01 6.48606e-01
