@ 1800 1800    1 24      Y     2000  2.64 68.73    9.96750e-01 6.48606e-01
@ 1800 1800    1 24      N     2000  2.548 71.22    9.96734e-01 1.69502e-01
@ 1800 1800    2 12      Y     2000  2.158 84.09    9.96750e-01 6.48606e-01
@ 1800 1800    2 12      N     2000  2.102 86.32    9.96750e-01 1.55255e-01
@ 1800 1800    3 8      Y     2000  2.368 76.61    9.96750e-01 6.48606e-01
@ 1800 1800    3 8      N     2000  2.315 78.39    9.96750e-01 1.47133e-01
@ 1800 1800    4 6      Y     2000  2.164 83.84    9.96750e-01 6.48606e-01
@ 1800 1800    4 6      N     2000  2.144 84.61    9.96750e-01 1.43328e-01
@ 1800 1800    6 4      Y     2000  2.152 84.33    9.96750e-01 6.48606e-01
@ 1800 1800    6 4      N     2000  2.168 83.7    9.96750e-01 1.39171e-01
@ 1800 1800    8 3      Y     2000  2.227 81.49    9.96750e-01 6.48606e-01
@ 1800 1800    8 3      N     2000  2.225 81.53    9.96750e-01 1.37153e-01
@ 1800 1800    12 2      Y     2000  2.088 86.88    9.96750e-01 6.48606e-01
@ 1800 1800    12 2      N     2000  2.049 88.53    9.96750e-01 1.34979e-01
@ 1800 1800    24 1      Y     2000  2.488 72.92    9.96750e-01 6.48606e-01
@ 1800 1800    24 1      N     2000  2.433 74.57    9.96676e-01 1.33264e-01
@ 1800 1800    1 48      Y     2000  1.362 133.2    9.96750e-01 6.48606e-01
@ 1800 1800    1 48      N     2000  1.262 143.8    9.96423e-01 1.29617e-01
@ 1800 1800    2 24      Y     2000  1.36 133.4    9.96750e-01 6.48606e-01
@ 1800 1800    2 24      N     2000  1.302 139.4    9.96734e-01 1.20131e-01
@ 1800 1800    3 16      Y     2000  1.356 133.8    9.96750e-01 6.48606e-01
@ 1800 1800    3 16      N     2000  1.303 139.3    9.96750e-01 1.17166e-01
@ 1800 1800    4 12      Y     2000  1.113 163    9.96750e-01 6.48606e-01
@ 1800 1800    4 12      N     2000  1.062 170.8    9.96750e-01 1.09876e-01
@ 1800 1800    6 8      Y     2000  1.195 151.8    9.96750e-01 6.48606e-01
@ 1800 1800    6 8      N     2000  1.166 155.6    9.96750e-01 1.04154e-01
@ 1800 1800    8 6      Y     2000  1.178 154.1    9.96750e-01 6.48606e-01
@ 1800 1800    8 6      N     2000  1.142 158.8    9.96750e-01 1.01556e-01
@ 1800 1800    12 4      Y     2000  1.115 162.8    9.96750e-01 6.48606e-01
@ 1800 1800    12 4      N     2000  1.076 168.6    9.96750e-01 9.85795e-02
@ 1800 1800    16 3      Y     2000  1.281 141.7    9.96750e-01 6.48606e-01
@ 1800 1800    16 3      N     2000  1.248 145.4    9.96749e-01 9.74616e-02
@ 1800 1800    24 2      Y     2000  1.277 142.1    9.96750e-01 6.48606e-01
@ 1800 1800    24 2      N     2000  1.24 146.3    9.96676e-01 9.58902e-02
@ 1800 1800    48 1      Y     2000  1.266 143.3    9.96750e-01 6.48606e-01
@ 1800 1800    48 1      N     2000  1.232 147.2    9.92848e-01 9.51492e-02
@ 1800 1800    1 96      Y     2000  1.312 138.3    9.96750e-01 6.48606e-01
@ 1800 1800    1 96      N     2000  1.205 150.5    9.95687e-01 9.15849e-02
@ 1800 1800    2 48      Y     2000  0.7171 253    9.96750e-01 6.48606e-01
@ 1800 1800    2 48      N     2000  0.6485 279.8    9.96423e-01 9.16815e-02
@ 1800 1800    3 32      Y     2000  0.9167 197.9    9.96750e-01 6.48606e-01
@ 1800 1800    3 32      N     2000  0.8281 219.1    9.96673e-01 8.93776e-02
@ 1800 1800    4 24      Y     2000  0.8213 220.9    9.96750e-01 6.48606e-01
@ 1800 1800    4 24      N     2000  0.671 270.4    9.96734e-01 8.53345e-02
@ 1800 1800    6 16      Y     2000  0.7316 248    9.96750e-01 6.48606e-01
@ 1800 1800    6 16      N     2000  0.6762 268.3    9.96750e-01 8.29206e-02
@ 1800 1800    8 12      Y     2000  0.6228 291.3    9.96750e-01 6.48606e-01
@ 1800 1800    8 12      N     2000  0.5885 308.3    9.96750e-01 7.78968e-02
@ 1800 1800    12 8      Y     2000  0.6357 285.4    9.96750e-01 6.48606e-01
@ 1800 1800    12 8      N     2000  0.6027 301.1    9.96750e-01 7.38123e-02
@ 1800 1800    16 6      Y     2000  0.6938 261.5    9.96750e-01 6.48606e-01
@ 1800 1800    16 6      N     2000  0.6579 275.8    9.96749e-01 7.22118e-02
@ 1800 1800    24 4      Y     2000  0.7295 248.7    9.96750e-01 6.48606e-01
@ 1800 1800    24 4      N     2000  0.6536 277.6    9.96676e-01 7.00908e-02
@ 1800 1800    32 3      Y     2000  0.8337 217.6    9.96750e-01 6.48606e-01
@ 1800 1800    32 3      N     2000  0.7629 237.8    9.96263e-01 6.95985e-02
@ 1800 1800    48 2      Y     2000  0.679 267.2    9.96750e-01 6.48606e-01
@ 1800 1800    48 2      N     2000  0.637 284.8    9.92848e-01 6.84838e-02
@ 1800 1800    96 1      Y     2000  1.096 165.6    9.96750e-01 6.48606e-01
@ 1800 1800    96 1      N     2000  1.083 167.6    9.73086e-01 6.80501e-02
