@ 1800 1800    1 24      Y     2000  1.905 95.24    9.96750e-01 6.48606e-01
@ 1800 1800    1 24      N     2000  1.808 100.4    9.96734e-01 1.69502e-01
@ 1800 1800    2 12      Y     2000  1.514 119.9    9.96750e-01 6.48606e-01
@ 1800 1800    2 12      N     2000  1.464 123.9    9.96750e-01 1.55255e-01
@ 1800 1800    3 8      Y     2000  1.636 110.9    9.96750e-01 6.48606e-01
@ 1800 1800    3 8      N     2000  1.581 114.8    9.96750e-01 1.47133e-01
@ 1800 1800    4 6      Y     2000  1.49 121.8    9.96750e-01 6.48606e-01
@ 1800 1800    4 6      N     2000  1.448 125.3    9.96750e-01 1.43328e-01
@ 1800 1800    6 4      Y     2000  1.479 122.7    9.96750e-01 6.48606e-01
@ 1800 1800    6 4      N     2000  1.431 126.8    9.96750e-01 1.39171e-01
@ 1800 1800    8 3      Y     2000  1.551 117    9.96750e-01 6.48606e-01
@ 1800 1800    8 3      N     2000  1.514 119.8    9.96750e-01 1.37153e-01
@ 1800 1800    12 2      Y     2000  1.453 124.9    9.96750e-01 6.48606e-01
@ 1800 1800    12 2      N     2000  1.409 128.8    9.96750e-01 1.34979e-01
@ 1800 1800    24 1      Y     2000  1.73 104.9    9.96750e-01 6.48606e-01
@ 1800 1800    24 1      N     2000  1.691 107.3    9.96676e-01 1.33264e-01
@ 1800 1800    1 48      Y     2000  1.009 179.7    9.96750e-01 6.48606e-01
@ 1800 1800    1 48      N     2000  0.8902 203.8    9.96423e-01 1.29617e-01
@ 1800 1800    2 24      Y     2000  0.9851 184.2    9.96750e-01 6.48606e-01
@ 1800 1800    2 24      N     2000  0.9097 199.5    9.96734e-01 1.20131e-01
@ 1800 1800    3 16      Y     2000  0.9805 185    9.96750e-01 6.48606e-01
@ 1800 1800    3 16      N     2000  0.9169 197.9    9.96750e-01 1.17166e-01
@ 1800 1800    4 12      Y     2000  0.7781 233.2    9.96750e-01 6.48606e-01
@ 1800 1800    4 12      N     2000  0.7469 242.9    9.96750e-01 1.09876e-01
@ 1800 1800    6 8      Y     2000  0.8556 212.1    9.96750e-01 6.48606e-01
@ 1800 1800    6 8      N     2000  0.7982 227.3    9.96750e-01 1.04154e-01
@ 1800 1800    8 6      Y     2000  0.8204 221.2    9.96750e-01 6.48606e-01
@ 1800 1800    8 6      N     2000  0.7824 231.9    9.96750e-01 1.01556e-01
@ 1800 1800    12 4      Y     2000  0.7606 238.5    9.96750e-01 6.48606e-01
@ 1800 1800    12 4      N     2000  0.7239 250.7    9.96750e-01 9.85795e-02
@ 1800 1800    16 3      Y     2000  0.9132 198.7    9.96750e-01 6.48606e-01
@ 1800 1800    16 3      N     2000  0.8647 209.8    9.96749e-01 9.74616e-02
@ 1800 1800    24 2      Y     2000  0.912 199    9.96750e-01 6.48606e-01
@ 1800 1800    24 2      N     2000  0.8575 211.6    9.96676e-01 9.58902e-02
@ 1800 1800    48 1      Y     2000  0.914 198.5    9.96750e-01 6.48606e-01
@ 1800 1800    48 1      N     2000  0.8551 212.2    9.92848e-01 9.51492e-02
@ 1800 1800    1 96      Y     2000  0.9836 184.5    9.96750e-01 6.48606e-01
@ 1800 1800    1 96      N     2000  0.8677 209.1    9.95687e-01 9.15849e-02
@ 1800 1800    2 48      Y     2000  0.5287 343.2    9.96750e-01 6.48606e-01
@ 1800 1800    2 48      N     2000  0.4582 396    9.96423e-01 9.16815e-02
@ 1800 1800    3 32      Y     2000  0.6422 282.5    9.96750e-01 6.48606e-01
@ 1800 1800    3 32      N     2000  0.574 316.1    9.96673e-01 8.93776e-02
@ 1800 1800    4 24      Y     2000  0.5416 335    9.96750e-01 6.48606e-01
@ 1800 1800    4 24      N     2000  0.4688 387    9.96734e-01 8.53345e-02
@ 1800 1800    6 16      Y     2000  0.5179 350.3    9.96750e-01 6.48606e-01
@ 1800 1800    6 16      N     2000  0.4695 386.5    9.96750e-01 8.29206e-02
@ 1800 1800    8 12      Y     2000  0.4492 403.9    9.96750e-01 6.48606e-01
@ 1800 1800    8 12      N     2000  0.4021 451.2    9.96750e-01 7.78968e-02
@ 1800 1800    12 8      Y     2000  0.4426 410    9.96750e-01 6.48606e-01
@ 1800 1800    12 8      N     2000  0.4091 443.6    9.96750e-01 7.38123e-02
@ 1800 1800    16 6      Y     2000  0.4807 377.4    9.96750e-01 6.48606e-01
@ 1800 1800    16 6      N     2000  0.4506 402.7    9.96749e-01 7.22118e-02
@ 1800 1800    24 4      Y     2000  0.4898 370.4    9.96750e-01 6.48606e-01
@ 1800 1800    24 4      N     2000  0.4468 406.1    9.96676e-01 7.00908e-02
@ 1800 1800    32 3      Y     2000  0.5747 315.7    9.96750e-01 6.48606e-01
@ 1800 1800    32 3      N     2000  0.5703 318.1    9.96263e-01 6.95985e-02
@ 1800 1800    48 2      Y     2000  0.4689 387    9.96750e-01 6.48606e-01
@ 1800 1800    48 2      N     2000  0.4409 411.5    9.92848e-01 6.84838e-02
@ 1800 1800    96 1      Y     2000  0.8065 225    9.96750e-01 6.48606e-01
@ 1800 1800    96 1      N     2000  0.7888 230    9.73086e-01 6.80501e-02
