@ 1800 1800    1 24      Y     2000  1.883 96.34    9.96750e-01 6.48606e-01
@ 1800 1800    1 24      N     2000  1.785 101.7    9.96734e-01 1.69502e-01
@ 1800 1800    2 12      Y     2000  1.518 119.6    9.96750e-01 6.48606e-01
@ 1800 1800    2 12      N     2000  1.445 125.5    9.96750e-01 1.55255e-01
@ 1800 1800    3 8      Y     2000  1.626 111.6    9.96750e-01 6.48606e-01
@ 1800 1800    3 8      N     2000  1.583 114.6    9.96750e-01 1.47133e-01
@ 1800 1800    4 6      Y     2000  1.479 122.7    9.96750e-01 6.48606e-01
@ 1800 1800    4 6      N     2000  1.447 125.4    9.96750e-01 1.43328e-01
@ 1800 1800    6 4      Y     2000  1.467 123.7    9.96750e-01 6.48606e-01
@ 1800 1800    6 4      N     2000  1.447 125.4    9.96750e-01 1.39171e-01
@ 1800 1800    8 3      Y     2000  1.536 118.1    9.96750e-01 6.48606e-01
@ 1800 1800    8 3      N     2000  1.534 118.3    9.96750e-01 1.37153e-01
@ 1800 1800    12 2      Y     2000  1.454 124.7    9.96750e-01 6.48606e-01
@ 1800 1800    12 2      N     2000  1.398 129.8    9.96750e-01 1.34979e-01
@ 1800 1800    24 1      Y     2000  1.728 105    9.96750e-01 6.48606e-01
@ 1800 1800    24 1      N     2000  1.699 106.8    9.96676e-01 1.33264e-01
@ 1800 1800    1 48      Y     2000  1.002 181.1    9.96750e-01 6.48606e-01
@ 1800 1800    1 48      N     2000  0.8801 206.2    9.96423e-01 1.29617e-01
@ 1800 1800    2 24      Y     2000  0.9724 186.6    9.96750e-01 6.48606e-01
@ 1800 1800    2 24      N     2000  0.899 201.8    9.96734e-01 1.20131e-01
@ 1800 1800    3 16      Y     2000  0.9654 187.9    9.96750e-01 6.48606e-01
@ 1800 1800    3 16      N     2000  0.9016 201.2    9.96750e-01 1.17166e-01
@ 1800 1800    4 12      Y     2000  0.771 235.3    9.96750e-01 6.48606e-01
@ 1800 1800    4 12      N     2000  0.7253 250.2    9.96750e-01 1.09876e-01
@ 1800 1800    6 8      Y     2000  0.8395 216.1    9.96750e-01 6.48606e-01
@ 1800 1800    6 8      N     2000  0.7902 229.6    9.96750e-01 1.04154e-01
@ 1800 1800    8 6      Y     2000  0.8043 225.6    9.96750e-01 6.48606e-01
@ 1800 1800    8 6      N     2000  0.772 235    9.96750e-01 1.01556e-01
@ 1800 1800    12 4      Y     2000  0.7616 238.3    9.96750e-01 6.48606e-01
@ 1800 1800    12 4      N     2000  0.7205 251.8    9.96750e-01 9.85795e-02
@ 1800 1800    16 3      Y     2000  0.9059 200.3    9.96750e-01 6.48606e-01
@ 1800 1800    16 3      N     2000  0.8601 211    9.96749e-01 9.74616e-02
@ 1800 1800    24 2      Y     2000  0.8998 201.6    9.96750e-01 6.48606e-01
@ 1800 1800    24 2      N     2000  0.8517 213    9.96676e-01 9.58902e-02
@ 1800 1800    48 1      Y     2000  0.9131 198.7    9.96750e-01 6.48606e-01
@ 1800 1800    48 1      N     2000  0.8553 212.1    9.92848e-01 9.51492e-02
@ 1800 1800    1 96      Y     2000  0.9729 186.5    9.96750e-01 6.48606e-01
@ 1800 1800    1 96      N     2000  0.82 221.3    9.95687e-01 9.15849e-02
@ 1800 1800    2 48      Y     2000  0.5229 347    9.96750e-01 6.48606e-01
@ 1800 1800    2 48      N     2000  0.4504 402.8    9.96423e-01 9.16815e-02
@ 1800 1800    3 32      Y     2000  0.6422 282.5    9.96750e-01 6.48606e-01
@ 1800 1800    3 32      N     2000  0.5677 319.6    9.96673e-01 8.93776e-02
@ 1800 1800    4 24      Y     2000  0.5326 340.7    9.96750e-01 6.48606e-01
@ 1800 1800    4 24      N     2000  0.4584 395.8    9.96734e-01 8.53345e-02
@ 1800 1800    6 16      Y     2000  0.5122 354.3    9.96750e-01 6.48606e-01
@ 1800 1800    6 16      N     2000  0.4669 388.6    9.96750e-01 8.29206e-02
@ 1800 1800    8 12      Y     2000  0.4392 413.1    9.96750e-01 6.48606e-01
@ 1800 1800    8 12      N     2000  0.4007 452.8    9.96750e-01 7.78968e-02
@ 1800 1800    12 8      Y     2000  0.4437 408.9    9.96750e-01 6.48606e-01
@ 1800 1800    12 8      N     2000  0.4099 442.6    9.96750e-01 7.38123e-02
@ 1800 1800    16 6      Y     2000  0.493 368    9.96750e-01 6.48606e-01
@ 1800 1800    16 6      N     2000  0.4472 405.7    9.96749e-01 7.22118e-02
@ 1800 1800    24 4      Y     2000  0.4748 382.2    9.96750e-01 6.48606e-01
@ 1800 1800    24 4      N     2000  0.4425 410.1    9.96676e-01 7.00908e-02
@ 1800 1800    32 3      Y     2000  0.5742 316    9.96750e-01 6.48606e-01
@ 1800 1800    32 3      N     2000  0.5413 335.2    9.96263e-01 6.95985e-02
@ 1800 1800    48 2      Y     2000  0.4808 377.4    9.96750e-01 6.48606e-01
@ 1800 1800    48 2      N     2000  0.4365 415.7    9.92848e-01 6.84838e-02
@ 1800 1800    96 1      Y     2000  0.7731 234.7    9.96750e-01 6.48606e-01
@ 1800 1800    96 1      N     2000  0.7798 232.7    9.73086e-01 6.80501e-02
